-512.0    1049.131623504493
-511.5    1047.1000977956976
-511.0    1045.0132437697214
-510.5    1042.8712510704634
-510.0    1040.6743122412458
-509.5    1038.4226227095146
-509.0    1036.11638077139
-508.5    1033.755787576072
-508.0    1031.3410471101097
-507.5    1028.872366181527
-507.0    1026.3499544038073
-506.5    1023.774024179741
-506.0    1021.1447906851361
-505.5    1018.4624718523837
-505.0    1015.7272883538999
-504.5    1012.9394635854276
-504.0    1010.0992236491936
-503.5    1007.2067973369556
-503.0    1004.2624161128969
-502.5    1001.2663140963948
-502.0    998.218728044671
-501.5    995.1198973353
-501.0    991.9700639485922
-500.5    988.769472449856
-500.0    985.5183699715287
-499.5    982.2170061951897
-499.0    978.86563333344
-498.5    975.4645061116705
-498.0    972.0138817497029
-497.5    968.5140199433083
-497.0    964.96518284562
-496.5    961.367635048405
-496.0    957.7216435632478
-495.5    954.0274778025928
-495.0    950.2854095606901
-494.5    946.4957129944155
-494.0    942.6586646039898
-493.5    938.7745432135757
-493.0    934.8436299517749
-492.5    930.8662082320111
-492.0    926.842563732805
-491.5    922.77298437795
-491.0    918.657760316564
-490.5    914.497183903072
-490.0    910.291549677039
-489.5    906.04115434295
-489.0    901.7462967498502
-488.5    897.4072778709085
-488.0    893.0244007828763
-487.5    888.5979706454493
-487.0    884.1282946805318
-486.5    879.6156821514151
-486.0    875.0604443418474
-485.5    870.4628945350261
-485.0    865.8233479924951
-484.5    861.1421219329526
-484.0    856.4195355109603
-483.5    851.6559097955869
-483.0    846.851567748947
-482.5    842.0068342046658
-482.0    837.1220358462515
-481.5    832.1975011853997
-481.0    827.2335605402011
-480.5    822.2305460132859
-480.0    817.1887914698664
-479.5    812.108632515733
-479.0    806.9904064751572
-478.5    801.8344523687117
-478.0    796.6411108910391
-477.5    791.4107243885354
-477.0    786.1436368369572
-476.5    780.8401938189818
-476.0    775.5007425016697
-475.5    770.1256316138952
-475.0    764.7152114236729
-474.5    759.2698337154545
-474.0    753.7898517673409
-473.5    748.2756203282488
-473.0    742.7274955949954
-472.5    737.1458351893525
-472.0    731.5309981350238
-471.5    725.8833448345647
-471.0    720.2032370462647
-470.5    714.491037860957
-470.0    708.747111678794
-469.5    702.971824185948
-469.0    697.1655423312986
-468.5    691.3286343030271
-468.0    685.4614695052114
-467.5    679.564418534331
-467.0    673.637853155762
-466.5    667.6821462802238
-466.0    661.6976719401539
-465.5    655.684805266091
-465.0    649.6439224629786
-464.5    643.5754007864591
-464.0    637.4796185191158
-463.5    631.3569549466838
-463.0    625.2077903342359
-462.5    619.0325059023281
-462.0    612.831483803113
-461.5    606.6051070964394
-461.0    600.3537597259002
-460.5    594.0778264948847
-460.0    587.7776930425713
-459.5    581.4537458199289
-459.0    575.1063720656732
-458.5    568.7359597822204
-458.0    562.3428977116047
-457.5    555.9275753113864
-457.0    549.4903827305524
-456.5    543.0317107853809
-456.0    536.5519509353126
-455.5    530.0514952587985
-455.0    523.5307364291366
-454.5    516.9900676903037
-454.0    510.42988283278464
-453.5    503.85057616937644
-453.0    497.25254251100506
-452.5    490.6361771425344
-452.0    484.00187579856157
-451.5    477.35003463922675
-451.0    470.68105022601674
-450.5    463.995319497565
-450.0    457.29323974546446
-449.5    450.57520859008184
-449.0    443.8416239563695
-448.5    437.09288404969334
-448.0    430.32938733167606
-447.5    423.5515324960287
-447.0    416.75971844442233
-446.5    409.95434426234283
-446.0    403.1358091949877
-445.5    396.30451262315376
-445.0    389.4608540391672
-444.5    382.6052330228065
-444.0    375.7380492172649
-443.5    368.85970230512805
-443.0    361.9705919843677
-442.5    355.07111794437753
-442.0    348.16167984200496
-441.5    341.2426772776388
-441.0    334.31450977131783
-440.5    327.37757673885227
-440.0    320.4322774680033
-439.5    313.47901109466835
-439.0    306.5181765791225
-438.5    299.5501726822818
-438.0    292.57539794201136
-437.5    285.59425064945924
-437.0    278.60712882544476
-436.5    271.6144301968833
-436.0    264.6165521732438
-435.5    257.6138918230582
-435.0    250.60684585048566
-434.5    243.59581057189382
-434.0    236.58118189252434
-433.5    229.56335528317646
-433.0    222.54272575696004
-432.5    215.51968784609534
-432.0    208.4946355787589
-431.5    201.4679624560023
-431.0    194.440061428702
-430.5    187.41132487457995
-430.0    180.38214457529395
-429.5    173.35291169356873
-429.0    166.32401675039122
-428.5    159.29584960227788
-428.0    152.26879941860804
-427.5    145.24325465900188
-427.0    138.21960305078764
-426.5    131.19823156653038
-426.0    124.17952640162004
-425.5    117.16387295195062
-425.0    110.15165579164163
-424.5    103.14325865086568
-424.0    96.13906439373014
-423.5    89.13945499623662
-423.0    82.14481152432447
-422.5    75.15551411198783
-422.0    68.17194193947856
-421.5    61.194473211579634
-421.0    54.223485135967465
-420.5    47.259353901665655
-420.0    40.30245465756534
-419.5    33.3531614910556
-419.0    26.411847406708368
-418.5    19.478884305097644
-418.0    12.554642961658345
-417.5    5.6394930056817
-417.0    -1.2661971006296397
-416.5    -8.16206008299099
-416.0    -15.047729875789933
-415.5    -21.92284164272182
-415.0    -28.787031797340155
-414.5    -35.63993802351295
-414.0    -42.4811992957721
-413.5    -49.31045589955064
-413.0    -56.127349451345104
-412.5    -62.93152291874847
-412.0    -69.72262064038563
-411.5    -76.5002883457528
-411.0    -83.2641731749355
-410.5    -90.01392369821998
-410.0    -96.74918993561514
-409.5    -103.4696233762281
-409.0    -110.17487699755937
-408.5    -116.86460528466242
-408.0    -123.53846424921417
-407.5    -130.19611144843483
-407.0    -136.83720600392815
-406.5    -143.4614086203745
-406.0    -150.0683816041222
-405.5    -156.65778888165505
-405.0    -163.22929601793058
-404.5    -169.78257023461094
-404.0    -176.31728042815217
-403.5    -182.83309718778438
-403.0    -189.3296928133632
-402.5    -195.80674133308688
-402.0    -202.2639185210871
-401.5    -208.70090191490408
-401.0    -215.11737083281423
-400.5    -221.5130063910418
-400.0    -227.88749152081652
-399.5    -234.2405109853332
-399.0    -240.57175139653842
-398.5    -246.8809012318123
-398.0    -253.16765085049494
-397.5    -259.4316925102901
-397.0    -265.67272038351587
-396.5    -271.89043057322965
-396.0    -278.0845211292039
-395.5    -284.25469206376255
-395.0    -290.4006453674821
-394.5    -296.5220850247386
-394.0    -302.6187170291181
-393.5    -308.6902493986802
-393.0    -314.7363921910767
-392.5    -320.7568575185161
-392.0    -326.75135956259396
-391.5    -332.71961458896595
-391.0    -338.66134096186477
-390.5    -344.57625915848337
-390.0    -350.464091783188
-389.5    -356.3245635815989
-389.0    -362.1574014544965
-388.5    -367.9623344715895
-388.0    -373.7390938851263
-387.5    -379.4874131433397
-387.0    -385.2070279037474
-386.5    -390.897676046288
-386.0    -396.559097686301
-385.5    -402.1910351873513
-385.0    -407.7932331738825
-384.5    -413.36543854373053
-384.0    -418.9074004804461
-383.5    -424.4188704654875
-383.0    -429.8996022902229
-382.5    -435.3493520677881
-382.0    -440.7678782447674
-381.5    -446.1549416127207
-381.0    -451.51030531953114
-380.5    -456.83373488060033
-380.0    -462.1249981898639
-379.5    -467.3838655306512
-379.0    -472.6101095863621
-378.5    -477.80350545099054
-378.0    -482.9638306394635
-377.5    -488.0908650978197
-377.0    -493.1843912132122
-376.5    -498.2441938237406
-376.0    -503.2700602281086
-375.5    -508.26178019510996
-375.0    -513.2191459729468
-374.5    -518.141952298364
-374.0    -523.029996405605
-373.5    -527.8830780352177
-373.0    -532.7009994426481
-372.5    -537.4835654066906
-372.0    -542.2305832377383
-371.5    -546.9418627858648
-371.0    -551.617216448733
-370.5    -556.2564591793127
-370.0    -560.8594084934316
-369.5    -565.4258844771394
-369.0    -569.9557097938947
-368.5    -574.4487096915711
-368.0    -578.9047120092785
-367.5    -583.3235471840164
-367.0    -587.7050482571242
-366.5    -592.0490508805733
-366.0    -596.3553933230567
-365.5    -600.6239164759045
-365.0    -604.8544638588196
-364.5    -609.0468816254252
-364.0    -613.2010185686261
-363.5    -617.3167261257913
-363.0    -621.3938583837512
-362.5    -625.4322720836007
-362.0    -629.4318266253379
-361.5    -633.3923840722912
-361.0    -637.3138091553838
-360.5    -641.1959692771959
-360.0    -645.0387345158506
-359.5    -648.8419776287078
-359.0    -652.6055740558754
-358.5    -656.3294019235309
-358.0    -660.013342047059
-357.5    -663.6572779339973
-357.0    -667.2610957867957
-356.5    -670.8246845053955
-356.0    -674.3479356896112
-355.5    -677.830743641325
-355.0    -681.2730053665073
-354.5    -684.6746205770265
-354.0    -688.0354916922917
-353.5    -691.3555238406896
-353.0    -694.6346248608505
-352.5    -697.8727053027137
-352.0    -701.069678428405
-351.5    -704.2254602129327
-351.0    -707.3399693446881
-350.5    -710.4131272257611
-350.0    -713.4448579720695
-349.5    -716.4350884132965
-349.0    -719.3837480926361
-348.5    -722.290769266359
-348.0    -725.1560869031844
-347.5    -727.9796386834676
-347.0    -730.7613649981905
-346.5    -733.5012089477787
-346.0    -736.1991163407117
-345.5    -738.8550356919707
-345.0    -741.46891822127
-344.5    -744.0407178511226
-344.0    -746.5703912047087
-343.5    -749.0578976035636
-343.0    -751.5031990650637
-342.5    -753.906260299751
-342.0    -756.2670487084424
-341.5    -758.5855343791791
-341.0    -760.8616900839656
-340.5    -763.0954912753448
-340.0    -765.2869160827757
-339.5    -767.4359453088226
-339.0    -769.5425624251696
-338.5    -771.6067535684471
-338.0    -773.6285075358655
-337.5    -775.607815780682
-337.0    -777.5446724074627
-336.5    -779.4390741671821
-336.0    -781.2910204521238
-335.5    -783.1005132906089
-335.0    -784.8675573415385
-334.5    -786.592159888752
-334.0    -788.2743308352083
-333.5    -789.9140826969867
-333.0    -791.5114305971042
-332.5    -793.066392259153
-332.0    -794.5789880007628
-331.5    -796.0492407268812
-331.0    -797.4771759228768
-330.5    -798.8628216474589
-330.0    -800.2062085254337
-329.5    -801.5073697402686
-329.0    -802.7663410264889
-328.5    -803.9831606618989
-328.0    -805.1578694596221
-327.5    -806.2905107599762
-327.0    -807.3811304221658
-326.5    -808.4297768158068
-326.0    -809.4365008122767
-325.5    -810.4013557758955
-325.0    -811.3243975549321
-324.5    -812.2056844724406
-324.0    -813.0452773169302
-323.5    -813.8432393328649
-323.0    -814.5996362109902
-322.5    -815.3145360785029
-322.0    -815.9880094890382
-321.5    -816.6201294125082
-321.0    -817.2109712247639
-320.5    -817.7606126970943
-320.0    -818.269133985566
-319.5    -818.7366176201979
-319.0    -819.1631484939699
-318.5    -819.5488138516776
-318.0    -819.8937032786209
-317.5    -820.1979086891378
-317.0    -820.4615243149763
-316.5    -820.6846466935071
-316.0    -820.8673746557884
-315.5    -821.0098093144611
-315.0    -821.1120540515038
-314.5    -821.1742145058221
-314.0    -821.1963985606933
-313.5    -821.1787163310514
-313.0    -821.1212801506281
-312.5    -821.0242045589421
-312.0    -820.8876062881359
-311.5    -820.711604249665
-311.0    -820.4963195208479
-310.5    -820.2418753312611
-310.0    -819.9483970489905
-309.5    -819.6160121667452
-309.0    -819.2448502878223
-308.5    -818.8350431119338
-308.0    -818.3867244208889
-307.5    -817.9000300641421
-307.0    -817.3750979441995
-306.5    -816.8120680018915
-306.0    -816.2110822015018
-305.5    -815.5722845157716
-305.0    -814.8958209107652
-304.5    -814.1818393306003
-304.0    -813.430489682054
-303.5    -812.6419238190333
-303.0    -811.8162955269195
-302.5    -810.9537605067829
-302.0    -810.0544763594733
-301.5    -809.1186025695853
-301.0    -808.146300489298
-300.5    -807.1377333220946
-300.0    -806.0930661063578
-299.5    -805.0124656988496
-299.0    -803.8961007580674
-298.5    -802.7441417274875
-298.0    -801.5567608186893
-297.5    -800.3341319943657
-297.0    -799.0764309512233
-296.5    -797.7838351027649
-296.0    -796.456523561966
-295.5    -795.0946771238421
-295.0    -793.698478247906
-294.5    -792.2681110405193
-294.0    -790.8037612371395
-293.5    -789.3056161844657
-293.0    -787.7738648224779
-292.5    -786.2086976663795
-292.0    -784.6103067884376
-291.5    -782.9788857997281
-291.0    -781.314629831785
-290.5    -779.6177355181509
-290.0    -777.8884009758382
-289.5    -776.1268257866981
-289.0    -774.3332109786975
-288.5    -772.5077590071087
-288.0    -770.6506737356112
-287.5    -768.7621604173089
-287.0    -766.8424256756617
-286.5    -764.8916774853359
-286.0    -762.9101251529714
-285.5    -760.8979792978729
-285.0    -758.8554518326222
-284.5    -756.7827559436106
-284.0    -754.680106071502
-283.5    -752.5477178916187
-283.0    -750.3858082942601
-282.5    -748.194595364945
-282.0    -745.9742983645946
-281.5    -743.72513770964
-281.0    -741.4473349520711
-280.5    -739.1411127594198
-280.0    -736.8066948946803
-279.5    -734.4443061961729
-279.0    -732.054172557346
-278.5    -729.6365209065234
-278.0    -727.1915791865977
-277.5    -724.719576334666
-277.0    -722.2207422616208
-276.5    -719.6953078316835
-276.0    -717.143504841898
-275.5    -714.5655660015701
-275.0    -711.9617249116659
-274.5    -709.3322160441701
-274.0    -706.6772747213959
-273.5    -703.9971370952624
-273.0    -701.2920401265294
-272.5    -698.5622215640003
-272.0    -695.807919923685
-271.5    -693.0293744679389
-271.0    -690.2268251845612
-270.5    -687.4005127658722
-270.0    -684.5506785877591
-269.5    -681.6775646887
-269.0    -678.7814137487571
-268.5    -675.8624690685585
-268.0    -672.9209745482514
-267.5    -669.9571746664396
-267.0    -666.9713144591083
-266.5    -663.9636394985253
-266.0    -660.934395872142
-265.5    -657.8838301614709
-265.0    -654.8121894209596
-264.5    -651.7197211568628
-264.0    -648.606673306096
-263.5    -645.4732942150971
-263.0    -642.3198326186791
-262.5    -639.1465376188867
-262.0    -635.9536586638512
-261.5    -632.7414455266543
-261.0    -629.5101482841858
-260.5    -626.260017296028
-260.0    -622.9913031833278
-259.5    -619.7042568076936
-259.0    -616.3991292500996
-258.5    -613.0761717898092
-258.0    -609.7356358833053
-257.5    -606.3777731432507
-257.0    -603.0028353174605
-256.5    -599.6110742678983
-256.0    -596.2027419496987
-255.5    -592.7780903902133
-255.0    -589.337371668082
-254.5    -585.8808378923411
-254.0    -582.4087411815493
-253.5    -578.9213336429664
-253.0    -575.4188673517438
-252.5    -571.9015943301744
-252.0    -568.3697665269591
-251.5    -564.8236357965349
-251.0    -561.26345387843
-250.5    -557.6894723766658
-250.0    -554.1019427392122
-249.5    -550.5011162374855
-249.0    -546.8872439458901
-248.5    -543.2605767214267
-248.0    -539.6213651833357
-247.5    -535.9698596928101
-247.0    -532.3063103327601
-246.5    -528.6309668876354
-246.0    -524.9440788233057
-245.5    -521.2458952670154
-245.0    -517.5366649873843
-244.5    -513.8166363744924
-244.0    -510.0860574200205
-243.5    -506.3451756974663
-243.0    -502.59423834242523
-242.5    -498.8334920329584
-242.0    -495.0631829700199
-241.5    -491.28355685796845
-241.0    -487.4948588851596
-240.5    -483.6973337046151
-240.0    -479.891225414775
-239.5    -476.0767775403341
-239.0    -472.2542330131642
-238.5    -468.42383415332273
-238.0    -464.5858226501563
-237.5    -460.74043954348434
-237.0    -456.8879252048874
-236.5    -453.0285193190818
-236.0    -449.1624608653949
-235.5    -445.2899880993376
-235.0    -441.41133853427374
-234.5    -437.52674892319544
-234.0    -433.6364552405963
-233.5    -429.7406926644575
-233.0    -425.8396955583317
-232.5    -421.9336974535393
-232.0    -418.02293103147593
-231.5    -414.1076281060288
-231.0    -410.1880196061093
-230.5    -406.2643355582973
-230.0    -402.336805069603
-229.5    -398.40565631035025
-229.0    -394.4711164971739
-228.5    -390.53341187614586
-228.0    -386.5927677060139
-227.5    -382.6494082415833
-227.0    -378.7035567171953
-226.5    -374.75543533037063
-226.0    -370.80526522554925
-225.5    -366.8532664779791
-225.0    -362.89965807774126
-224.5    -358.94465791388535
-224.0    -354.9884827587322
-223.5    -351.0313482522914
-223.0    -347.0734688868242
-222.5    -343.1150579915495
-222.0    -339.1563277174878
-221.5    -335.1974890224504
-221.0    -331.2387516561732
-220.5    -327.28032414559476
-220.0    -323.32241378028465
-219.5    -319.3652265980204
-219.0    -315.40896737051264
-218.5    -311.4538395892856
-218.0    -307.5000454517078
-217.5    -303.5477858471826
-217.0    -299.59726034348455
-216.5    -295.6486671732654
-216.0    -291.70220322071197
-215.5    -287.7580640083674
-215.0    -283.81644368410537
-214.5    -279.8775350082855
-214.0    -275.9415293410483
-213.5    -272.0086166298027
-213.0    -268.07898539685084
-212.5    -264.15282272721333
-212.0    -260.2303142565878
-211.5    -256.31164415951315
-211.0    -252.3969951376788
-210.5    -248.48654840842295
-210.0    -244.58048369339372
-209.5    -240.6789792073944
-209.0    -236.78221164739813
-208.5    -232.89035618174745
-208.0    -229.00358643952782
-207.5    -225.12207450011562
-207.0    -221.24599088291927
-206.5    -217.37550453729372
-206.0    -213.5107828326393
-205.5    -209.65199154868614
-205.0    -205.79929486596015
-204.5    -201.95285535644513
-204.0    -198.11283397441605
-203.5    -194.2793900474738
-203.0    -190.45268126776153
-202.5    -186.63286368338024
-202.0    -182.8200916899765
-201.5    -179.01451802254385
-201.0    -175.21629374740863
-200.5    -171.4255682543972
-200.0    -167.64248924922003
-199.5    -163.86720274603098
-199.0    -160.099853060197
-198.5    -156.34058280125538
-198.0    -152.58953286607525
-197.5    -148.84684243220923
-197.0    -145.11264895145536
-196.5    -141.38708814361112
-196.0    -137.67029399043335
-195.5    -133.96239872978742
-195.0    -130.2635328500176
-194.5    -126.57382508450527
-194.0    -122.89340240643756
-193.5    -119.22239002377364
-193.0    -115.56091137442331
-192.5    -111.90908812162851
-192.0    -108.26704014954294
-191.5    -104.63488555902805
-191.0    -101.0127406636536
-190.5    -97.40071998589733
-190.0    -93.79893625356681
-189.5    -90.20750039641408
-189.0    -86.62652154296796
-188.5    -83.0561070175809
-188.0    -79.49636233766282
-187.5    -75.94739121115234
-187.0    -72.40929553418587
-186.5    -68.8821753889651
-186.0    -65.36612904186035
-185.5    -61.86125294170381
-185.0    -58.36764171830541
-184.5    -54.88538818117857
-184.0    -51.41458331846937
-183.5    -47.955316296111675
-183.0    -44.50767445718316
-182.5    -41.071743321482245
-182.0    -37.647606585304686
-181.5    -34.235346121455734
-181.0    -30.83504197944481
-180.5    -27.44677238591632
-180.0    -24.070613745288313
-179.5    -20.706640640595083
-179.0    -17.354925834552944
-178.5    -14.015540270838017
-178.0    -10.688553075561032
-177.5    -7.374031558985621
-177.0    -4.072041217425294
-176.5    -0.7826457353791056
-176.0    2.4940930121390466
-175.5    5.758114957039794
-175.0    9.009361835405599
-174.5    12.247777184512358
-174.0    15.473306339643983
-173.5    18.685896430696033
-173.0    21.88549637856653
-172.5    25.072056891336757
-172.0    28.245530460244822
-171.5    31.405871355436346
-171.0    34.55303562152875
-170.5    37.68698107294121
-170.0    40.807667289028174
-169.5    43.915055609008675
-169.0    47.009109126674545
-168.5    50.08979268489722
-168.0    53.1570728699366
-167.5    56.21091800552156
-167.0    59.25129814675243
-166.5    62.27818507377086
-166.0    65.29155228524013
-165.5    68.29137499162269
-165.0    71.27763010823976
-164.5    74.2502962481495
-164.0    77.20935371480157
-163.5    80.1547844945016
-163.0    83.08657224867342
-162.5    86.00470230592245
-162.0    88.90916165389439
-161.5    91.79993893094152
-161.0    94.677024417585
-160.5    97.54041002779287
-160.0    100.39008930003956
-159.5    103.2260573881972
-159.0    106.0483110522182
-158.5    108.85684864861531
-158.0    111.65167012077536
-157.5    114.4327769890617
-157.0    117.20017234072705
-156.5    119.95386081965495
-156.0    122.69384861588738
-155.5    125.42014345498765
-155.0    128.13275458720943
-154.5    130.83169277647335
-154.0    133.51697028917397
-153.5    136.18860088279888
-153.0    138.84659979436253
-152.5    141.49098372866425
-152.0    144.12177084637213
-151.5    146.7389807519154
-151.0    149.34263448122283
-150.5    151.93275448926295
-150.0    154.5093646374287
-149.5    157.07249018074438
-149.0    159.62215775489813
-148.5    162.1583953631095
-148.0    164.68123236282943
-147.5    167.19069945227977
-147.0    169.68682865680705
-146.5    172.16965331510409
-146.0    174.6392080652451
-145.5    177.095528830572
-145.0    179.53865280542075
-144.5    181.96861844068877
-144.0    184.3854654292471
-143.5    186.78923469120946
-143.0    189.17996835902676
-142.5    191.55770976245995
-142.0    193.92250341337453
-141.5    196.2743949904177
-141.0    198.61343132352548
-140.5    200.93966037830987
-140.0    203.2531312402749
-139.5    205.55389409892763
-139.0    207.84200023172463
-138.5    210.11750198789895
-138.0    212.3804527721358
-137.5    214.63090702814276
-137.0    216.86892022205748
-136.5    219.0945488257559
-136.0    221.3078503000211
-135.5    223.50888307757972
-135.0    225.69770654603795
-134.5    227.87438103067558
-134.0    230.0389677771359
-133.5    232.19152893399155
-133.0    234.33212753520638
-132.5    236.46082748246914
-132.0    238.57769352743773
-131.5    240.68279125385487
-131.0    242.77618705957576
-130.5    244.85794813848287
-130.0    246.92814246230506
-129.5    248.9868387623273
-129.0    251.03410651102413
-128.5    253.07001590357157
-128.0    255.09463783929266
-127.5    257.10804390299893
-127.0    259.11030634624797
-126.5    261.1014980685103
-126.0    263.0816925982658
-125.5    265.0509640740122
-125.0    267.0093872251913
-124.5    268.95703735304244
-124.0    270.8939903113953
-123.5    272.8203224873673
-123.0    274.7361107820187
-122.5    276.64143259091605
-122.0    278.53636578466063
-121.5    280.4209886893261
-121.0    282.29538006686283
-120.5    284.1596190954253
-120.0    286.01378534967057
-119.5    287.85795878097935
-119.0    289.6922196976421
-118.5    291.5166487450088
-118.0    293.33132688557174
-117.5    295.1363353790281
-117.0    296.9317557622995
-116.5    298.7176698295059
-116.0    300.4941596119263
-115.5    302.2613073579045
-115.0    304.0191955127565
-114.5    305.76790669862294
-114.0    307.50752369432513
-113.5    309.2381294151861
-113.0    310.95980689284085
-112.5    312.6726392550285
-112.0    314.3767097053856
-111.5    316.0721015032092
-111.0    317.75889794323496
-110.5    319.437182335405
-110.0    321.10703798462646
-109.5    322.76854817054965
-109.0    324.4217961273385
-108.5    326.066865023454
-108.0    327.70383794144766
-107.5    329.33279785777006
-107.0    330.9538276225928
-106.5    332.5670099396532
-106.0    334.17242734612546
-105.5    335.7701621924996
-105.0    337.3602966225118
-104.5    338.9429125530844
-104.0    340.51809165431956
-103.5    342.08591532951095
-103.0    343.64646469519954
-102.5    345.1998205612869
-102.0    346.7460634111703
-101.5    348.28527338194334
-101.0    349.8175302446332
-100.5    351.3429133845116
-100.0    352.8615017814367
-99.5    354.3733739902771
-99.0    355.8786081213875
-98.5    357.3772818211448
-98.0    358.86947225256847
-97.5    360.3552560759957
-97.0    361.83470942983524
-96.5    363.307907911409
-96.0    364.77492655785414
-95.5    366.23583982712756
-95.0    367.6907215790741
-94.5    369.1396450566094
-94.0    370.5826828669733
-93.5    372.0199069630794
-93.0    373.45138862497885
-92.5    374.87719844140156
-92.0    376.29740629141764
-91.5    377.71208132619427
-91.0    379.12129195086686
-90.5    380.52510580651654
-90.0    381.92358975227336
-89.5    383.3168098475188
-89.0    384.7048313342241
-88.5    386.08771861940977
-88.0    387.46553525771856
-87.5    388.8383439341336
-87.0    390.20620644681406
-86.5    391.5691836900792
-86.0    392.9273356375151
-85.5    394.28072132523346
-85.0    395.629398835267
-84.5    396.9734252791097
-84.0    398.31285678141114
-83.5    399.6477484638176
-83.0    400.97815442896615
-82.5    402.30412774464395
-82.0    403.62572042809444
-81.5    404.9429834304932
-81.0    406.2559666215952
-80.5    407.5647187745314
-80.0    408.8692875507984
-79.5    410.1697194854034
-79.0    411.46605997219484
-78.5    412.7583532493636
-78.0    414.04664238514073
-77.5    415.3309692636579
-77.0    416.6113745710098
-76.5    417.8878977815027
-76.0    419.1605771440919
-75.5    420.42944966901393
-75.0    421.6945511146146
-74.5    422.95591597438647
-74.0    424.21357746418977
-73.5    425.46756750969575
-73.0    426.7179167340271
-72.5    427.9646544456128
-72.0    429.2078086262474
-71.5    430.44740591937415
-71.0    431.6834716185835
-70.5    432.91602965631887
-70.0    434.145102592826
-69.5    435.370711605301
-69.0    436.5928764772881
-68.5    437.8116155882912
-68.0    439.026945903619
-67.5    440.23888296447
-67.0    441.44744087824455
-66.5    442.6526323090996
-66.0    443.8544684687451
-65.5    445.052959107478
-65.0    446.24811250546264
-64.5    447.4399354642573
-64.0    448.62843329859305
-63.5    449.81360982839584
-63.0    450.99546737106937
-62.5    452.1740067340296
-62.0    453.3492272074943
-61.5    454.5211265575333
-61.0    455.6897010193805
-60.5    456.8549452910054
-60.0    458.01685252695796
-59.5    459.1754143324652
-59.0    460.3306207578113
-58.5    461.48246029297826
-58.0    462.6309198625634
-57.5    463.7759848209696
-57.0    464.91763894786857
-56.5    466.05586444394555
-56.0    467.1906419269204
-55.5    468.3219504278476
-55.0    469.44976738770436
-54.5    470.5740686542585
-54.0    471.69482847921665
-53.5    472.8120195156698
-53.0    473.9256128158215
-52.5    475.0355778290032
-52.0    476.1418823999855
-51.5    477.24449276757946
-51.0    478.34337356353376
-50.5    479.438487811724
-50.0    480.52979692763915
-49.5    481.6172607181686
-49.0    482.70083738168574
-48.5    483.78048350843164
-48.0    484.85615408119656
-47.5    485.9278024763131
-47.0    486.9953804649414
-46.5    488.05883821466654
-46.0    489.1181242913974
-45.5    490.1731856615721
-45.0    491.22396769467196
-44.5    492.2704141660429
-44.0    493.31246726002206
-43.5    494.35006757338175
-43.0    495.38315411907405
-42.5    496.41166433029343
-42.0    497.4355340648474
-41.5    498.45469760984247
-41.0    499.4690876866768
-40.5    500.4786354563534
-40.0    501.4832705251037
-39.5    502.4829209503214
-39.0    503.4775132468191
-38.5    504.46697239339284
-38.0    505.45122183970466
-37.5    506.4301835134818
-37.0    507.4037778280276
-36.5    508.37192369005294
-36.0    509.3345385078201
-35.5    510.2915381996046
-35.0    511.24283720247263
-34.5    512.1883484813751
-34.0    513.1279835385558
-33.5    514.0616524232768
-33.0    514.9892637418617
-32.5    515.9107246680514
-32.0    516.8259409536752
-31.5    517.7348169396388
-31.0    518.6372555672277
-30.5    519.5331583897214
-30.0    520.4224255843257
-29.5    521.3049559644143
-29.0    522.1806469920875
-28.5    523.0493947910403
-28.0    523.9110941597427
-27.5    524.7656385849324
-27.0    525.6129202554164
-26.5    526.4528300761829
-26.0    527.2852576828216
-25.5    528.1100914562511
-25.0    528.9272185377567
-24.5    529.7365248443282
-24.0    530.5378950843084
-23.5    531.3312127733421
-23.0    532.1163602506299
-22.5    532.8932186954806
-22.0    533.6616681441686
-21.5    534.4215875070845
-21.0    535.17285458619
-20.5    535.9153460927635
-20.0    536.6489376654429
-19.5    537.3735038885646
-19.0    538.0889183107882
-18.5    538.7950534640186
-18.0    539.4917808826107
-17.5    540.1789711228645
-17.0    540.8564937828064
-16.5    541.5242175222506
-16.0    542.1820100831451
-15.5    542.8297383101949
-15.0    543.4672681717666
-14.5    544.094464781065
-14.0    544.7111924175861
-13.5    545.3173145488404
-13.0    545.912693852346
-12.5    546.4971922378897
-12.0    547.0706708700525
-11.5    547.6329901909972
-11.0    548.1840099435178
-10.5    548.7235891943459
-10.0    549.2515863577121
-9.5    549.7678592191622
-9.0    550.2722649596219
-8.5    550.7646601797093
-8.0    551.2449009242939
-7.5    551.7128427072971
-7.0    552.1683405367314
-6.5    552.6112489399779
-6.0    553.0414219892962
-5.5    553.4587133275658
-5.0    553.862976194256
-4.5    554.2540634516191
-4.0    554.631827611107
-3.5    554.9961208600045
-3.0    555.3467950882803
-2.5    555.6837019156476
-2.0    556.006692718836
-1.5    556.3156186590667
-1.0    556.6103307097316
-0.5    556.8906796842693
0.0    557.156516264238
0.5    557.4076910275782
1.0    557.6440544770644
1.5    557.8654570689409
2.0    558.071749241739
2.5    558.2627814452685
3.0    558.4384041697851
3.5    558.5984679753258
4.0    558.7428235212091
4.5    558.8713215956963
5.0    558.9838131458131
5.5    559.0801493073196
6.0    559.1601814348332
6.5    559.2237611320959
7.0    559.2707402823803
7.5    559.3009710790358
8.0    559.3143060561632
8.5    559.3105981194217
9.0    559.2897005769532
9.5    559.2514671704345
10.0    559.1957521062357
10.5    559.1224100866926
11.0    559.0312963414881
11.5    558.9222666591266
12.0    558.7951774185133
12.5    558.6498856206185
13.0    558.486248920234
13.5    558.3041256578072
14.0    558.1033748913577
14.5    557.8838564284599
15.0    557.6454308583018
15.5    557.3879595837968
16.0    557.1113048537611
16.5    556.8153297951402
17.0    556.499898445283
17.5    556.1648757842604
18.0    555.8101277672187
18.5    555.4355213567671
19.0    555.0409245553923
19.5    554.6262064378935
20.0    554.1912371838347
20.5    553.7358881100092
21.0    553.2600317029066
21.5    552.7635416511861
22.0    552.2462928781365
22.5    551.7081615741354
23.0    551.1490252290823
23.5    550.568762664821
24.0    549.967254067523
24.5    549.3443810200521
25.0    548.7000265342749
25.5    548.0340750833429
26.0    547.3464126339132
26.5    546.636926678322
27.0    545.9055062666905
27.5    545.1520420389686
28.0    544.3764262569068
28.5    543.5785528359434
29.0    542.7583173770144
29.5    541.9156171982693
30.0    541.0503513666949
30.5    540.1624207296284
31.0    539.2517279461765
31.5    538.3181775185071
32.0    537.3616758230303
32.5    536.3821311414476
33.0    535.3794536916761
33.5    534.353555658628
34.0    533.304351224849
34.5    532.2317566010113
35.0    531.1356900562405
35.5    530.0160719482914
36.0    528.872824753546
36.5    527.7058730968456
37.0    526.5151437811367
37.5    525.3005658169313
38.0    524.0620704515763
38.5    522.7995911983212
39.0    521.5130638651865
39.5    520.2024265836105
40.0    518.8676198368865
40.5    517.5085864883798
41.0    516.1252718094988
41.5    514.7176235074512
42.0    513.2855917527389
42.5    511.8291292064176
43.0    510.34819104709095
43.5    508.84273499765743
44.0    507.3127213517707
44.5    505.75811300004887
45.0    504.1788754559827
45.5    502.57497688157173
46.0    500.9463881126683
46.5    499.29308268400956
47.0    497.6150368539646
47.5    495.91222962895426
48.0    494.1846427875593
48.5    492.43226090431585
49.0    490.6550713731591
49.5    488.85306443055816
50.0    487.02623317828255
50.5    485.1745736058464
51.0    483.29808461258034
51.5    481.39676802934883
52.0    479.4706286399073
52.5    477.5196742018778
53.0    475.54391546735354
53.5    473.54336620311915
54.0    471.51804321047103
54.5    469.4679663446584
55.0    467.3931585339044
55.5    465.29364579803456
56.0    463.1694572666783
56.5    461.02062519706175
57.0    458.8471849913673
57.5    456.6491752136633
58.0    454.42663760639846
58.5    452.1796171064526
59.0    449.90816186073704
59.5    447.61232324134164
60.0    445.2921558602197
60.5    442.94771758341255
61.0    440.5790695447955
61.5    438.1862761593514
62.0    435.7694051359625
62.5    433.3285274897088
63.0    430.86371755367935
63.5    428.3750529902861
64.0    425.8626148020579
64.5    423.3264873419528
65.0    420.76675832312554
65.5    418.18351882819934
66.0    415.5768633180027
66.5    412.9468896397681
67.0    410.2936990348131
67.5    407.61739614566943
68.0    404.918089022669
68.5    402.1958891299803
69.0    399.450911351093
69.5    396.68327399373635
70.0    393.89309879424513
70.5    391.080510921343
71.0    388.24563897935707
71.5    385.3886150108652
72.0    382.5095744987423
72.5    379.60865636763396
73.0    376.68600298483244
73.5    373.74176016056254
74.0    370.7760771476586
74.5    367.78910664064745
75.0    364.7810047742207
75.5    361.7519311210917
76.0    358.7020486892402
76.5    355.63152391853663
77.0    352.5405266767453
77.5    349.4292302548992
78.0    346.2978113620385
78.5    343.14645011932737
79.0    339.9753300535277
79.5    336.78463808982013
80.0    333.57456454400864
80.5    330.3453031140451
81.0    327.09705087093664
81.5    323.8300082489701
82.0    320.544379035297
82.5    317.2403703588627
83.0    313.91819267866197
83.5    310.57805977133427
84.0    307.2201887181
84.5    303.8447998910161
85.0    300.45211693857084
85.5    297.04236677059424
86.0    293.61577954250146
86.5    290.17258863885047
87.0    286.71303065623385
87.5    283.23734538546654
88.0    279.7457757931123
88.5    276.2385680023092
89.0    272.71597127292233
89.5    269.17823798099323
90.0    265.62562359751115
90.5    262.058386666494
91.0    258.47678878236854
91.5    254.88109456666945
92.0    251.27157164403164
92.5    247.64849061750812
93.0    244.0121250431709
93.5    240.36275140402836
94.0    236.7006490832567
94.5    233.02610033670751
95.0    229.33939026474928
95.5    225.64080678339752
96.0    221.9306405947462
96.5    218.20918515671565
97.0    214.4767366520924
97.5    210.7335939568837
98.0    206.9800586079746
98.5    203.2164347700813
99.0    199.4430292020392
99.5    195.66015122236456
100.0    191.86811267414475
100.5    188.06722788924992
101.0    184.25781365182576
101.5    180.44018916113015
102.0    176.6146759936618
102.5    172.78159806462628
103.0    168.94128158870356
103.5    165.09405504014762
104.0    161.24024911220653
104.5    157.38019667585704
105.0    153.51423273788998
105.5    149.64269439830701
106.0    145.76592080705214
106.5    141.88425312008872
107.0    137.99803445481515
107.5    134.10760984480953
108.0    130.21332619393053
108.5    126.31553222977384
109.0    122.41457845646732
109.5    118.5108171068262
110.0    114.6046020938774
110.5    110.69628896173928
111.0    106.78623483587505
111.5    102.87479837271695
112.0    98.96233970866415
112.5    95.04922040847681
113.0    91.13580341303648
113.5    87.22245298651822
114.0    83.30953466294667
114.5    79.39741519215904
115.0    75.48646248517976
115.5    71.5770455589983
116.0    67.66953448077687
116.5    63.764300311480156
117.0    59.86171504892482
117.5    55.96215157028929
118.0    52.06598357403712
118.5    48.17358552132134
119.0    44.285332576822285
119.5    40.40160054905583
120.0    36.522765830161035
120.5    32.649205335146405
121.0    28.78129644064184
121.5    24.919416923125183
122.0    21.0639448966578
122.5    17.215258750128967
123.0    13.373737084010642
123.5    9.53975864663137
124.0    5.713702270000525
124.5    1.895946805144746
125.0    -1.913128942980748
125.5    -5.713146281037737
126.0    -9.50372669328712
126.5    -13.284491907981675
127.0    -17.05506396419571
127.5    -20.815065279033774
128.0    -24.56411871526953
128.5    -28.30184764934154
129.0    -32.027876039744015
129.5    -35.7418284957802
130.0    -39.44333034668021
130.5    -43.13200771104982
131.0    -46.80748756667663
131.5    -50.46939782065061
132.0    -54.117367379796534
132.5    -57.751026221427594
133.0    -61.37000546438044
133.5    -64.973937440328
134.0    -68.56245576538244
134.5    -72.1351954119438
135.0    -75.69179278079783
135.5    -79.23188577345715
136.0    -82.75511386472104
136.5    -86.26111817545234
137.0    -89.74954154555218
137.5    -93.22002860712394
138.0    -96.67222585781387
138.5    -100.10578173431395
139.0    -103.52034668601007
139.5    -106.91557324878042
140.0    -110.29111611890578
140.5    -113.64663222709518
141.0    -116.9817808126114
141.5    -120.29622349748274
142.0    -123.5896243607717
142.5    -126.86165001292241
143.0    -130.11196967013365
143.5    -133.34025522876644
144.0    -136.5461813397748
144.5    -139.7294254831157
145.0    -142.88966804217625
145.5    -146.02659237814578
146.0    -149.13988490435025
146.5    -152.2292351605472
147.0    -155.29433588712217
147.5    -158.33488309922168
148.0    -161.35057616075892
148.5    -164.3411178583218
149.0    -167.30621447493962
149.5    -170.2455758636986
150.0    -173.15891552119928
150.5    -176.04595066082487
151.0    -178.9064022858225
151.5    -181.73999526216602
152.0    -184.54645839119652
152.5    -187.32552448201096
153.0    -190.07693042359645
153.5    -192.80041725668917
154.0    -195.4957302453294
154.5    -198.1626189481243
155.0    -200.80083728916338
155.5    -203.41014362861404
156.0    -205.99030083293138
156.5    -208.54107634471518
157.0    -211.0622422521575
157.5    -213.55357535808434
158.0    -216.01485724857613
158.5    -218.44587436112135
159.0    -220.84641805234025
159.5    -223.2162846651965
160.0    -225.55527559573903
160.5    -227.8631973593009
161.0    -230.13986165619662
161.5    -232.38508543683918
162.0    -234.598690966319
162.5    -236.7805058883654
163.0    -238.93036328874274
163.5    -241.0481017579823
164.0    -243.1335654535186
164.5    -245.18660416113119
165.0    -247.20707335574153
165.5    -249.19483426150003
166.0    -251.14975391116212
166.5    -253.07170520474673
167.0    -254.96056696743716
167.5    -256.81622400672245
168.0    -258.63856716875824
168.5    -260.4274933939125
169.0    -262.1829057715097
169.5    -263.90471359372873
170.0    -265.5928324086424
170.5    -267.24718407238873
171.0    -268.86769680044506
171.5    -270.4543052180008
172.0    -272.0069504093852
172.5    -273.52557996656805
173.0    -275.0101480366822
173.5    -276.4606153685653
174.0    -277.87694935830973
174.5    -279.2591240937773
175.0    -280.60712039809425
175.5    -281.9209258720738
176.0    -283.2005349355827
176.5    -284.44594886780885
177.0    -285.65717584641504
177.5    -286.83423098556784
178.0    -287.97713637284306
178.5    -289.0859211049295
179.0    -290.1606213221859
179.5    -291.20128024199323
180.0    -292.2079481908787
180.5    -293.18068263542386
181.0    -294.1195482119142
181.5    -295.02461675472307
182.0    -295.89596732341306
182.5    -296.73368622853934
183.0    -297.53786705612663
183.5    -298.3086106908142
184.0    -299.0460253376573
184.5    -299.7502265425509
185.0    -300.4213372112648
185.5    -301.05948762709426
186.0    -301.6648154670736
186.5    -302.2374658167712
187.0    -302.7775911836218
187.5    -303.28535150880424
188.0    -303.7609141776337
188.5    -304.2044540284494
189.0    -304.61615336000546
189.5    -304.99620193731715
190.0    -305.3447969959776
190.5    -305.6621432449113
191.0    -305.9484528675491
191.5    -306.20394552142864
192.0    -306.42884833618257
192.5    -306.6233959099221
193.0    -306.78783030397136
193.5    -306.92240103598544
194.0    -307.02736507138206
194.5    -307.1029868131334
195.0    -307.1495380898395
195.5    -307.1672981421428
196.0    -307.15655360740215
196.5    -307.11759850265946
197.0    -307.0507342058711
197.5    -306.9562694353937
198.0    -306.83452022770734
198.5    -306.6858099133756
199.0    -306.51046909121703
199.5    -306.30883560070026
200.0    -306.08125449251077
200.5    -305.8280779973403
201.0    -305.5496654928174
201.5    -305.2463834686284
202.0    -304.9186054897919
202.5    -304.5667121580762
203.0    -304.19109107155924
203.5    -303.792136782322
204.0    -303.3702507522571
204.5    -302.925841307001
205.0    -302.4593235879674
205.5    -301.97111950247927
206.0    -301.4616576719952
206.5    -300.9313733784233
207.0    -300.3807085085076
207.5    -299.81011149629467
208.0    -299.2200372636687
208.5    -298.61094715893705
209.0    -297.98330889348716
209.5    -297.3375964764891
210.0    -296.67429014765014
210.5    -295.99387630800555
211.0    -295.29684744876704
211.5    -294.5837020781907
212.0    -293.85494464649963
212.5    -293.111085468822
213.0    -292.3526406461771
213.5    -291.5801319844799
214.0    -290.7940869115821
214.5    -289.9950383923417
215.0    -289.1835248417165
215.5    -288.3600900358953
216.0    -287.5252830214518
216.5    -286.67965802253354
217.0    -285.823774346084
217.5    -284.95819628509855
218.0    -284.0834930199209
218.5    -283.2002385175736
219.0    -282.30901142914763
219.5    -281.4103949852223
220.0    -280.5049768893554
220.5    -279.5933492096181
221.0    -278.6761082681991
221.5    -277.75385452908546
222.0    -276.827192483804
222.5    -275.89673053526155
223.0    -274.96308087966577
223.5    -274.0268593865511
224.0    -273.0886854769076
224.5    -272.14918199943065
225.0    -271.20897510489044
225.5    -270.26869411864755
226.0    -269.32897141130604
226.5    -268.3904422675313
227.0    -267.45374475303277
227.5    -266.51951957973665
228.0    -265.58840996914716
228.5    -264.66106151391796
229.0    -263.7381220376502
229.5    -262.82024145292246
230.0    -261.90807161758164
230.5    -261.00226618929116
231.0    -260.1034804783754
231.5    -259.21237129895803
232.0    -258.32959681842385
232.5    -257.4558164052132
233.0    -256.5916904749813
233.5    -255.73788033511994
234.0    -254.8950480276895
234.5    -254.06385617075367
235.0    -253.2449677981581
235.5    -252.43904619776478
236.0    -251.6467547481737
236.5    -250.8687567539329
237.0    -250.10571527929608
237.5    -249.3582929805144
238.0    -248.62715193671946
238.5    -247.91295347939297
239.0    -247.2163580204734
239.5    -246.5380248791211
240.0    -245.87861210715116
240.5    -245.23877631319425
241.0    -244.61917248557387
241.5    -244.02045381397667
242.0    -243.44327150989704
242.5    -242.88827462592025
243.0    -242.3561098738689
243.5    -241.84742144183213
244.0    -241.3628508101195
244.5    -240.90303656616996
245.0    -240.46861421846185
245.5    -240.0602160094279
246.0    -239.6784707274471
246.5    -239.32400351792145
247.0    -238.99743569348664
247.5    -238.6993845433916
248.0    -238.43046314208257
248.5    -238.19128015703112
249.0    -237.98243965584314
249.5    -237.80454091269425
250.0    -237.65817821412276
250.5    -237.5439406642296
251.0    -237.46241198932003
251.5    -237.41417034202982
252.0    -237.3997881049878
252.5    -237.41983169404327
253.0    -237.47486136111354
253.5    -237.56543099669037
254.0    -237.69208793205436
254.5    -237.85537274124346
255.0    -238.05581904281203
255.5    -238.2939533014426
256.0    -238.5702946294514
256.5    -238.88535458822813
257.0    -239.23963698967
257.5    -239.6336376976601
258.0    -240.0678444296288
258.5    -240.54273655825853
259.0    -241.05878491337972
259.5    -241.616451584113
260.0    -242.21618972130477
260.5    -242.85844334031265
261.0    -243.54364712419817
261.5    -244.27222622736616
262.0    -245.04459607972916
262.5    -245.86116219142906
263.0    -246.7223199581867
263.5    -247.62845446733053
264.0    -248.57994030455745
264.5    -249.5771413614956
265.0    -250.62041064411102
265.5    -251.7100900820272
266.0    -252.84651033882056
266.5    -254.0299906233323
267.0    -255.26083850208022
267.5    -256.53934971281666
268.0    -257.8658079792933
268.5    -259.2404848273039
269.0    -260.6636394020555
269.5    -262.13551828694006
270.0    -263.6563553237642
270.5    -265.2263714344961
271.0    -266.84577444460797
271.5    -268.5147589080582
272.0    -270.2335059339985
272.5    -272.00218301524774
273.0    -273.8209438586239
273.5    -275.6899282171747
274.0    -277.60926172439287
274.5    -279.57905573046696
275.0    -281.59940714064624
275.5    -283.6703982557797
276.0    -285.7920966150961
276.5    -287.9645548413006
277.0    -290.18781048804215
277.5    -292.46188588983483
278.0    -294.7867880144886
278.5    -297.1625083181283
279.0    -299.58902260286067
279.5    -302.0662908771665
280.0    -304.5942572190799
280.5    -307.1728496422319
281.0    -309.80197996481803
281.5    -312.48154368156895
282.0    -315.2114198387917
282.5    -317.9914709125438
283.0    -320.8215426900195
283.5    -323.70146415421925
284.0    -326.6310473719597
284.5    -329.61008738531183
285.0    -332.6383621065204
285.5    -335.71563221649103
286.0    -338.84164106690116
286.5    -342.0161145860151
287.0    -345.2387611882673
287.5    -348.509271687688
288.0    -351.82731921523487
288.5    -355.1925591401142
289.0    -358.604628995137
289.5    -362.06314840621155
290.0    -365.56771902601383
290.5    -369.11792447191834
291.0    -372.71333026825766
291.5    -376.3534837929774
292.0    -380.03791422875287
292.5    -383.76613251864427
293.0    -387.53763132634685
293.5    -391.3518850011082
294.0    -395.2083495473888
294.5    -399.1064625993125
295.0    -403.0456433999975
295.5    -407.0252927858144
296.0    -411.0447931756422
296.5    -415.10350856520057
297.0    -419.2007845264952
297.5    -423.335948212475
298.0    -427.50830836692603
298.5    -431.71715533970513
299.0    -435.96176110734325
299.5    -440.2413792990926
300.0    -444.5552452284876
300.5    -448.90257593045874
301.0    -453.2825702040812
301.5    -457.6944086609992
302.0    -462.13725377959827
302.5    -466.6102499649697
303.0    -471.11252361473066
303.5    -475.643183190763
304.0    -480.2013192969043
304.5    -484.7860047626659
305.0    -489.3962947330198
305.5    -494.03122676430957
306.0    -498.6898209263327
306.5    -503.3710799106471
307.0    -508.07398914515335
307.5    -512.7975169149903
308.0    -517.5406144897989
308.5    -522.3022162574011
309.0    -527.0812398639252
309.5    -531.8765863604369
310.0    -536.6871403561039
310.5    -541.5117701779415
311.0    -546.3493280371763
311.5    -551.1986502022651
312.0    -556.0585571786042
312.5    -560.9278538949643
313.0    -565.8053298966854
313.5    -570.6897595456625
314.0    -575.5799022271475
314.5    -580.4745025634085
315.0    -585.3722906342531
315.5    -590.271982204463
316.0    -595.1722789581484
316.5    -600.0718687400478
317.0    -604.9694258037925
317.5    -609.8636110671629
318.0    -614.753072374337
318.5    -619.6364447651564
319.0    -624.5123507514234
319.5    -629.3794006002339
320.0    -634.2361926243549
320.5    -639.0813134796639
321.0    -643.9133384696378
321.5    -648.7308318569072
322.0    -653.5323471818749
322.5    -658.3164275883885
323.0    -663.0816061564735
323.5    -667.826406242113
324.0    -672.5493418240738
324.5    -677.2489178577565
325.0    -681.9236306360701
325.5    -686.571968157304
326.0    -691.1924104999875
326.5    -695.7834302047106
327.0    -700.3434926628926
327.5    -704.8710565124587
328.0    -709.3645740404102
328.5    -713.8224915922528
329.0    -718.2432499882473
329.5    -722.6252849464521
330.0    -726.9670275125137
330.5    -731.2669044961707
331.0    -735.5233389144186
331.5    -739.734750441298
332.0    -743.8995558642498
332.5    -748.0161695469867
333.0    -752.0830038988274
333.5    -756.0984698504338
334.0    -760.0609773358893
334.5    -763.9689357810535
335.0    -767.820754598129
335.5    -771.614843686364
336.0    -775.349613938826
336.5    -779.0234777551584
337.0    -782.6348495602492
337.5    -786.1821463287254
338.0    -789.6637881151845
338.5    -793.0781985900793
339.0    -796.4238055811522
339.5    -799.6990416203394
340.0    -802.9023444960224
340.5    -806.0321578105493
341.0    -809.086931542897
341.5    -812.0651226163777
342.0    -814.9651954712701
342.5    -817.7856226422613
343.0    -820.5248853405772
343.5    -823.1814740406736
344.0    -825.7538890713711
344.5    -828.2406412112866
345.0    -830.64025228844
345.5    -832.9512557838918
346.0    -835.1721974392647
346.5    -837.3016358680114
347.0    -839.3381431702758
347.5    -841.280305551184
348.0    -843.1267239424285
348.5    -844.8760146269628
349.0    -846.5268098666513
349.5    -848.0777585327081
350.0    -849.5275267387451
350.5    -850.8747984762567
351.0    -852.1182762523606
351.5    -853.2566817296023
352.0    -854.2887563676552
352.5    -855.2132620666929
353.0    -856.0289818122706
353.5    -856.7347203214888
354.0    -857.3293046902495
354.5    -857.8115850413935
355.0    -858.180435173505
355.5    -858.4347532101694
356.0    -858.5734622494617
356.5    -858.5955110134449
357.0    -858.499874497448
357.5    -858.2855546188914
358.0    -857.951580865426
358.5    -857.497010942139
359.0    -856.9209314176021
359.5    -856.2224583684817
360.0    -855.4007380224896
360.5    -854.454947399407
361.0    -853.3842949499166
361.5    -852.1880211919859
362.0    -850.8653993445344
362.5    -849.4157359581158
363.0    -847.8383715423254
363.5    -846.132681189672
364.0    -844.2980751956278
364.5    -842.3339996745542
365.0    -840.2399371712352
365.5    -838.015407267708
366.0    -835.6599671851018
366.5    -833.173212380176
367.0    -830.5547771362653
367.5    -827.8043351483061
368.0    -824.9216001016428
368.5    -821.9063262443019
369.0    -818.758308952398
369.5    -815.47738528837
370.0    -812.0634345517069
370.5    -808.5163788218322
371.0    -804.8361834928344
371.5    -801.0228577996784
372.0    -797.0764553355782
372.5    -792.9970745601946
373.0    -788.7848592982866
373.5    -784.4399992284907
374.0    -779.9627303618756
374.5    -775.3533355099046
375.0    -770.6121447414637
375.5    -765.7395358285844
376.0    -760.7359346805117
376.5    -755.6018157657421
377.0    -750.3377025216636
377.5    -744.944167751446
378.0    -739.4218340077857
378.5    -733.7713739631486
379.0    -727.9935107661297
379.5    -722.0890183835486
380.0    -716.0587219279139
380.5    -709.9034979698524
381.0    -703.6242748351506
381.5    -697.2220328859887
382.0    -690.6978047860201
382.5    -684.0526757488793
383.0    -677.2877837697338
383.5    -670.4043198395175
384.0    -663.4035281414142
384.5    -656.2867062292348
385.0    -649.0552051872863
385.5    -641.7104297713231
386.0    -634.2538385302224
386.5    -626.6869439079605
387.0    -619.0113123255179
387.5    -611.2285642423078
388.0    -603.3403741967444
388.5    -595.3484708255628
389.0    -587.2546368614835
389.5    -579.0607091088517
390.0    -570.7685783968583
390.5    -562.3801895099358
391.0    -553.8975410949682
391.5    -545.3226855449307
392.0    -536.6577288585456
392.5    -527.9048304756096
393.0    -519.0662030875986
393.5    -510.14411242316794
394.0    -501.14087700819664
394.5    -492.0588678999719
395.0    -482.90050839518415
395.5    -473.6682737113408
396.0    -464.3646906412486
396.5    -454.9923371802163
397.0    -445.553842125607
397.5    -436.0518846484087
398.0    -426.4891938364715
398.5    -416.8685482090814
399.0    -407.1927752025163
399.5    -397.4647506262884
400.0    -387.6873980897264
400.5    -377.8636883985808
401.0    -367.99663892136647
401.5    -358.08931292510874
402.0    -348.1448188802142
402.5    -338.16630973417676
403.0    -328.1569821538335
403.5    -318.120075735884
404.0    -308.05887218543734
404.5    -297.97669446230265
405.0    -287.87690589477506
405.5    -277.7629092606991
406.0    -267.6381458355613
406.5    -257.50609440738634
407.0    -247.37027025825205
407.5    -237.23422411220082
408.0    -227.10154104935697
408.5    -216.97583938609677
409.0    -206.86076952108778
409.5    -196.760012747028
410.0    -186.67728002798958
410.5    -176.61631074219395
411.0    -166.58087139011485
411.5    -156.57475426783932
412.0    -146.6017761055403
412.5    -136.6657766710431
413.0    -126.77061733840202
413.5    -116.920179621443
414.0    -107.11836367224996
414.5    -97.36908674459261
415.0    -87.67628162228789
415.5    -78.04389501252533
416.0    -68.47588590419682
416.5    -58.9762238912885
417.0    -49.54888746141634
417.5    -40.19786224959631
418.0    -30.927139257366832
418.5    -21.740713037396347
419.0    -12.642579843753595
419.5    -3.6367357479730913
420.0    5.272825278832215
420.5    14.082113317626636
421.0    22.787144486620775
421.5    31.383942959680496
422.0    39.8685430177062
422.5    48.23699113263291
423.0    56.48534808375439
423.5    64.60969110597381
424.0    72.60611606960543
424.5    80.47073969130838
425.0    88.19970177571975
425.5    95.78916748728767
426.0    103.23532965184256
426.5    110.53441108735734
427.0    117.68266696333711
427.5    124.67638718826896
428.0    131.51189882451195
428.5    138.1855685299593
429.0    144.69380502583215
429.5    151.03306158985234
430.0    157.1998385740934
430.5    163.19068594669503
431.0    169.00220585665897
431.5    174.63105522086846
432.0    180.07394833245831
432.5    185.32765948960983
433.0    190.3890256438338
433.5    195.2549490667436
434.0    199.92240003430481
434.5    204.3884195274694
435.0    208.65012194813434
435.5    212.7046978492466
436.0    216.54941667789228
436.5    220.18162953015167
437.0    223.59877191643287
437.5    226.7983665360106
438.0    229.77802605940641
438.5    232.53545591722326
439.0    235.06845709400014
439.5    237.37492892561585
440.0    239.4528718987109
440.5    241.3003904505785
441.0    242.91569576788382
441.5    244.29710858258548
442.0    245.4430619633224
442.5    246.3521041005358
443.0    247.02290108351238
443.5    247.45423966751406
444.0    247.64503002905897
444.5    247.59430850746025
445.0    247.30124033057442
445.5    246.76512232273052
446.0    245.98538559274533
446.5    244.96159819986244
447.0    243.69346779541064
447.5    242.1808442379236
448.0    240.423722179427
448.5    238.4222436205116
449.0    236.1767004317641
449.5    233.68753683913496
450.0    230.9553518706482
450.5    227.98090176193222
451.0    224.7651023178952
451.5    221.309031227874
452.0    217.6139303314952
452.5    213.68120783246923
453.0    209.512440457415
453.5    205.1093755568491
454.0    200.47393314531413
454.5    195.60820787765678
455.0    190.51447095835093
455.5    185.19517198071753
456.0    179.6529406928468
456.5    173.8905886869581
457.0    167.91111100888503
457.5    161.71768768431534
458.0    155.31368515834387
458.5    148.70265764486984
459.0    141.88834838226637
459.5    134.87469079175082
460.0    127.66580953479463
460.5    120.26602146583316
461.0    112.67983647655049
461.5    104.91195822787353
462.0    96.96728476584632
462.5    88.85090901739783
463.0    80.56811916208088
463.5    72.12439887568266
464.0    63.52542744167843
464.5    54.77707972635142
465.0    45.885426013394735
465.5    36.85673169377263
466.0    27.69745680655943
466.5    18.41425542638345
467.0    9.013974893159656
467.5    -0.496345120359706
468.0    -10.10947370765934
468.5    -19.817989998649217
469.0    -29.614284605552328
469.5    -39.49056124902588
470.0    -49.43883856916834
470.5    -59.450952126033705
471.0    -69.51855659436424
471.5    -79.63312815722085
472.0    -89.78596710327058
472.5    -99.96820063248524
473.0    -110.17078587502508
473.5    -120.38451312812207
474.0    -130.60000931576494
474.5    -140.80774167603454
475.0    -150.99802168089806
475.5    -161.16100919332223
476.0    -171.2867168665612
476.5    -181.36501479043068
477.0    -191.3856353894224
477.5    -201.3381785774857
478.0    -211.21211717427047
478.5    -220.99680258763564
479.0    -230.68147076717003
479.5    -240.25524843346543
480.0    -249.7071595878495
480.5    -259.0261323072018
481.0    -268.2010058284879
481.5    -277.22053792754406
482.0    -286.0734125966079
482.5    -294.748248025012
483.0    -303.2336048873821
483.5    -311.51799494361546
484.0    -319.5898899547663
484.5    -327.4377309189686
485.0    -335.04993763127874
485.5    -342.41491857134906
486.0    -349.521081122576
486.5    -356.356842126341
487.0    -362.9106387747412
487.5    -369.1709398450658
488.0    -375.1262572791175
488.5    -380.7651581102632
489.0    -386.076276740927
489.5    -391.0483275730062
490.0    -395.67011799347085
490.5    -399.93056171718433
491.0    -403.8186924886805
491.5    -407.3236781444147
492.0    -410.43483503667
492.5    -413.14164282003514
493.0    -415.4337596009776
493.5    -417.30103745077867
494.0    -418.73353828164187
494.5    -419.72155008545843
495.0    -420.25560353427534
495.5    -420.32648894107575
496.0    -419.9252735790225
496.5    -419.0433193568626
497.0    -417.67230084758876
497.5    -415.80422366704255
498.0    -413.4314431984301
498.5    -410.5466836582309
499.0    -407.1430574982852
499.5    -403.21408513816937
500.0    -398.75371502129053
500.5    -393.7563439873794
501.0    -388.21683795322735
501.5    -382.1305528927494
502.0    -375.49335610652554
502.5    -368.30164777009446
503.0    -360.55238274924915
503.5    -352.2430926696013
504.0    -343.3719082266089
504.5    -333.9375817210557
505.0    -323.939509803868
505.5    -313.3777564128011
506.0    -302.25307588226497
506.5    -290.5669362060975
507.0    -278.321542431666
507.5    -265.51986016205495
508.0    -252.16563914152317
508.5    -238.26343689759355
509.0    -223.81864241139982
509.5    -208.8374997858689
510.0    -193.32713187938515
510.5    -177.29556387034484
511.0    -160.75174671576423
511.5    -143.70558046469765
512.0    -126.1679373846548
